220000000000
120001000000
210002000000
011003000000
011003000001
011004000000
011005000000
011006000000
011006000003
011007000000
011008000000
011009000000
011010000000
011009000001
082003000000
082009000000
082011000000
082004000000
072012000000
072011000000
072013000000
072014000000
072014000001
072015000000
072006000000
072016000000
072011000001
072010000000
072006000001
072017000000
062018000000
062019000000
062006000000
062009000000
062020000000
062009000001
062009000002
062021000000
062009000003
062015000000
062022000000
062000000000
062009000004
062009000005
062013000000
062009000006
062002000000
062009000007
062003000000
062002000001
052010000000
062013000001
062021000001
062006000001
062012000000
062012000001
062012000002
062014000000
062010000000
062023000000
001022000000
001022000001
001022000002
001010000000
001015000000
001024000000
001004000000
011025000000
011001000000
011008000001
011003000002
011006000001
011010000001
011019000000
011013000000
011026000000
011010000002
011002000000
011002000002
021013000000
021027000000
021020000000
021016000000
021009000000
021014000000
021014000001
021022000000
021010000000
021006000000
021028000000
021013000001
021002000000
021002000001
021015000000
021016000001
021010000001
021016000002
031009000000
031016000000
031010000000
031023000000
031023000001
031009000001
031023000002
031000000000
031030000000
031016000001
031006000000
031006000001
031006000002
031019000000
031018000000
031009000002
041006000000
041002000000
031002000000
031007000000
031002000001
031015000000
031009000003
031004000000
031022000000
031031000000
031015000001
031006000003
031013000000
031018000001
031009000004
031003000000
031022000001
031019000001
071032000000
181032000000
181032000001
181032000002
011032000000
191032000000
071032000001
121032000000
191032000001
011032000001
121032000001
061032000000
181032000002
211032000000
001032000000
061032000001
031032000000
031032000001
201032000000
051032000000
031032000002
001032000001
081033000000
181033000000
011033000000
021033000000
181033000001
011033000001
011033000002
021033000001
171033000000
181033000002
021004000000
031002000002
031012000000
031010000001
031030000001
031024000000
031009000005
031009000006
031009000007
041006000001
041013000000
051027000000
051010000000
181032000003
001007000000
001010000001
001014000000
001006000000
001034000000
001018000000
011025000001
011016000000
011034000000
011013000001
011009000002
011010000003
011035000000
011014000000
011014000001
011006000002
021007000000
021036000000
021036000002
021009000001
021022000001
021009000002
021033000002
021013000002
021012000000
021012000001
021006000001
021025000000
021001000000
031037000000
031019000002
031009000008
031000000001
031022000002
031012000001
031000000002
031006000004
031025000000
041034000000
041010000000
041038000000
041034000001
051030000000
051016000000
051001000000
051038000000
051000000000
051039000000
051040000000
051013000000
051023000000
051013000001
061010000000
061006000000
061010000001
061002000000
061019000000
061021000000
061013000000
061006000001
061005000000
061036000000
061016000000
061024000000
061019000001
061012000000
061010000002
061016000001
061041000000
071002000000
071016000000
071033000000
071009000000
071001000000
071006000000
071012000000
071006000001
071006000002
081013000000
081042000000
081013000001
101023000000
101023000001
101002000000
111012000000
111002000000
111011000000
111022000000
111024000000
111023000000
111004000000
121006000000
121012000000
121007000000
121010000000
121024000000
121002000000
121010000001
121006000001
121033000000
121020000000
121010000002
121009000000
121002000001
121022000000
121043000000
121015000000
121037000000
121022000001
121010000003
121021000000
121013000000
121010000004
121002000002
121012000001
121002000003
121004000000
121015000001
121013000001
121006000002
021034000000
021047000000
021048000000
031028000000
031018000002
031022000003
031025000001
031002000003
031014000000
031041000000
041036000000
051012000000
051034000000
051024000000
051036000000
051022000000
051036000001
051034000001
061007000000
061009000000
061034000000
061025000000
071025000000
101007000000
101007000001
111042000000
121041000000
121022000002
121014000000
121034000000
121001000000
121014000001
121025000000
121036000000
131034000000
131036000000
151049000000
171000000000
171000000001
171012000000
171016000000
171016000001
171006000000
171024000000
171036000000
171041000000
181012000000
181034000000
181018000000
181021000000
181025000000
181036000000
181025000001
181016000000
181025000002
181045000000
181014000000
181009000000
181011000000
181018000001
181014000001
181012000001
191047000000
191012000000
191002000000
191036000000
201006000000
201006000001
201015000000
201036000000
211047000000
211010000000
211014000000
211012000000
211002000000
221002000000
221043000000
221034000000
221022000000
221009000000
251036000000
251002000000
181036000001
181036000002
181036000003
181036000004
181022000000
181022000001
181022000002
181022000003
181002000000
181002000001
181002000002
181009000001
181041000000
181041000001
181041000002
181041000003
181010000000
181007000000
181012000002
181012000003
181012000004
181024000000
181024000001
181024000002
181024000003
181018000002
181018000003
181018000004
181018000005
181014000002
181014000003
181014000004
181014000005
181014000006
181014000007
000036000000
000009000000
000006000000
000006000001
190016000000
070016000000
060016000000
010016000000
010011000000
140011000000
000010000000
030010000000
030010000001
050010000000
080010000000
110010000000
180010000000
180010000001
190010000000
000002000000
030002000000
040002000000
070002000000
080002000000
120002000000
130002000000
190002000000
020004000000
200004000000
040035000000
180035000000
190035000000
220035000000
120001000001
200001000000
220001000000
170020000000
080026000000
080026000001
080026000002
080026000003
000022000000
020022000000
030022000000
050022000000
080022000000
080022000001
080022000002
080022000003
120022000000
120022000001
180022000000
190022000000
190022000001
000007000000
030007000000
120007000000
140007000000
170007000000
190007000000
000036000001
030036000000
040036000000
060036000000
130036000000
130036000001
150036000000
